trajectory:
  t: [0.0416667, 0.0833333]
  q0: [443, 444]
  q1: [205, 206]